File Path: C:\MTS TestSuite\Data Files\Olivier C\0_1_2 01-22-21 10 59 25 AM\DAQ- Time, … - (Timed).txt   
Test: MTS EM Tension (Extensometer) 3
Test Run: 0_1_2
Date: 1/22/2021 10:57:40 AM


Time 	Load 	Crosshead 	Extensometer 	Strain 	Stress 
sec	N	mm	mm	mm/mm	N/mm²
0.109999999403954	57.2181510925293	0.00300009219245112	0.000120419116456105	1.17033314381843E-05	3.69279675
0.209999993443489	61.7267761230469	0.00623096093477216	0.00185702094768203	3.40489714290015E-05	3.9837785
0.310000002384186	65.2815780639648	0.00969260599958943	0.00263194988292526	4.77162793686148E-05	4.2132015
0.409999996423721	69.5664367675781	0.0129234740597894	0.00387063346352079	7.61382834753022E-05	4.4897415
0.509999990463257	73.6774978637695	0.0161543430294842	0.00512496080773417	8.73622848303057E-05	4.755065
0.610000014305115	77.9222946166992	0.0196159871848067	0.00497932796861278	0.000107561754703056	5.0290195
0.709999978542328	82.18017578125	0.0228468579734908	0.00596325662627351	0.00011353367153788	5.3038185
0.810000002384186	85.9819259643555	0.026308500309824	0.00660955674902652	0.000149677114677615	5.5491795
0.910000026226044	90.2451934814453	0.0295393710985081	0.00743327791496995	0.000164126846357249	5.824326
1.00999999046326	93.7192230224609	0.0330010152538307	0.00923505012906389	0.000177101057488471	6.048536
1.11000001430511	98.2973403930664	0.036231882404536	0.00963589172897628	0.000193112762644887	6.3440025
1.21000003814697	102.625183105469	0.0396935320168268	0.0107433243101696	0.000207380478968844	6.623317
1.30999994277954	107.277603149414	0.0429243955295533	0.0120439381134929	0.000229422745178454	6.923579
1.4099999666214	111.140937805176	0.0463860451418441	0.0122165411085007	0.000239859538851306	7.1729145
1.50999999046326	114.848258972168	0.0496169122925494	0.0130646158140735	0.000259214022662491	7.412181
1.61000001430511	119.153182983398	0.0528477794432547	0.0142942917591427	0.000281638000160456	7.690016
1.71000003814697	123.85986328125	0.0563094254175667	0.0152420479935245	0.000285222864476964	7.99378
1.80999994277954	127.440155029297	0.059540292568272	0.0160133095050696	0.000312014308292419	8.224848
1.9099999666214	132.39860534668	0.0630019349046052	0.0166276786330855	0.000337435223627836	8.544861
2.00999999046326	136.514495849609	0.0662328093312681	0.0177813253685599	0.000355082273017615	8.810496
2.10999989509583	140.239669799805	0.0696944553055801	0.0182718013093108	0.000377831922378391	9.050915
2.21000003814697	144.564865112305	0.0729253224562854	0.0197166245925473	0.000380018900614232	9.330058
2.30999994277954	148.77131652832	0.0761561896069907	0.020132414647378	0.000395456241676584	9.601538
2.41000008583069	152.775024414063	0.0796178355813026	0.0207599950954318	0.000401418306864798	9.859933
2.50999999046326	157.030227661133	0.0830794815556146	0.0219933481275802	0.000426173181040213	10.134559
2.60999989509583	161.479400634766	0.0863103487063199	0.0230001896852627	0.000448064820375293	10.421704
2.71000003814697	165.118118286133	0.0895412158570252	0.0238861503021326	0.000470503699034452	10.656543
2.80999994277954	169.495590209961	0.0930028618313372	0.0247392017627135	0.000482763658510521	10.93906
2.91000008583069	174.109283447266	0.0962337362580001	0.0249942004302284	0.000504055584315211	11.236823
3.00999999046326	177.920135498047	0.0996953749563545	0.0264934697042918	0.000509359932038933	11.482771
3.10999989509583	182.289398193359	0.102926249383017	0.027173204216524	0.000530276040080935	11.764758
3.21000003814697	186.440505981445	0.106387888081372	0.0277233830274781	0.000548549403902143	12.032666
3.30999994277954	190.174499511719	0.109618762508035	0.0288547380478121	0.000565963855478913	12.273654
3.41000008583069	194.59489440918	0.113080401206389	0.029582070055767	0.000587595859542489	12.558941
3.50999999046326	199.072280883789	0.116311275633052	0.0302306216326542	0.000593016913626343	12.847907
3.60999989509583	202.870208740234	0.1195421355078	0.0314442404487636	0.000606605783104897	13.093021
3.71000003814697	207.251571655273	0.123003788758069	0.0318422098644078	0.000636814860627055	13.375789
3.80999994277954	211.209869384766	0.126234648632817	0.0330592374666594	0.000646355736535043	13.631254
3.91000008583069	215.223281860352	0.12946552305948	0.0335674012603704	0.000653171387966722	13.890275
4.01000022888184	220.120635986328	0.132927161757834	0.0344918516930193	0.00068703101715073	14.206345
4.1100001335144	223.937164306641	0.136158036184497	0.0359529985871632	0.000706288905348629	14.452659
4.21000003814697	228.304809570313	0.139619674882852	0.0356590971932746	0.000713001238182187	14.734542
4.30999994277954	232.401519775391	0.142850549309514	0.0374765550077427	0.000735391455236822	14.99894
4.40999984741211	236.307723999023	0.146312188007869	0.0382139078283217	0.000745295779779553	15.251042
4.51000022888184	241.240982055664	0.149543062434532	0.0383865663025063	0.0007570197340101	15.569429
4.6100001335144	245.154205322266	0.152773936861195	0.0400554308725987	0.000777053646743298	15.821984
4.71000003814697	248.963317871094	0.156235575559549	0.0408256018999964	0.000802088412456214	16.06782
4.80999994277954	253.16487121582	0.159466449986212	0.0412008157582022	0.000823755923192948	16.338984
4.90999984741211	258.103271484375	0.162928088684566	0.041901945223799	0.000833639234770089	16.657703
5.01000022888184	261.870574951172	0.166158963111229	0.0427071208832785	0.000852025812491775	16.90084
5.1100001335144	265.690856933594	0.169389822985977	0.0443036587967072	0.000868587230797857	17.147396
5.21000003814697	269.859222412109	0.172851476236247	0.0443721401097719	0.000885562738403678	17.416418
5.30999994277954	274.182403564453	0.176082336110994	0.0457131354778539	0.000909606053028256	17.695432
5.40999984741211	278.485229492188	0.179543989361264	0.0459694310848136	0.000907798821572214	17.973132
5.51000022888184	282.075653076172	0.182774863787927	0.0468512080260552	0.000924418505746871	18.204854
5.6100001335144	286.447021484375	0.186236502486281	0.047651439672336	0.000949426030274481	18.486978
5.71000003814697	290.603942871094	0.189467376912944	0.049196485633729	0.000967482395935804	18.75526
5.80999994277954	294.591766357422	0.192698236787692	0.0494383493787609	0.00098443275783211	19.01263
5.90999984741211	298.631225585938	0.196159890037961	0.0500562127854209	0.000991701264865696	19.273332
6.01000022888184	302.837646484375	0.199390749912709	0.0515478386660106	0.00101053633261472	19.54481
6.1100001335144	307.075653076172	0.202621624339372	0.0526951153005939	0.0010300048161298	19.818326
6.21000003814697	311.073944091797	0.206083263037726	0.053270225180313	0.00105764030013233	20.076372
6.30999994277954	314.545928955078	0.209544916287996	0.0541395529580768	0.00107281003147364	20.30045
6.40999984741211	319.441070556641	0.212775776162744	0.0550772238057107	0.00106418458744884	20.616376
6.51000022888184	323.506744384766	0.216237429413013	0.0557207749807276	0.00109543860889971	20.878772
6.6100001335144	327.438446044922	0.219468289287761	0.0561054912395775	0.00109947402961552	21.132518
6.71000003814697	331.519989013672	0.22292994253803	0.0574213991058059	0.00113216310273856	21.395938
6.80999994277954	335.307769775391	0.226160802412778	0.0580658597755246	0.00114699825644493	21.640396
6.90999984741211	339.32568359375	0.229391676839441	0.0596066056459676	0.00116429117042571	21.899708
7.01000022888184	343.680480957031	0.232853330089711	0.059508780395845	0.00118270423263311	22.180762
7.1100001335144	347.549591064453	0.236314968788065	0.0607605616096407	0.00119546742644161	22.43047
7.21000003814697	351.513854980469	0.239545843214728	0.0610050847171806	0.00121078791562468	22.68632
7.30999994277954	355.815460205078	0.243007481913082	0.0620810023974627	0.00123801722656935	22.96394
7.40999984741211	359.621948242188	0.24623834178783	0.0632080555078574	0.00124923943076283	23.209606
7.51000022888184	363.288665771484	0.249699980486184	0.0638061028439552	0.001258505275473	23.446252
7.6100001335144	367.442321777344	0.252930854912847	0.0645502514089458	0.00126450473908335	23.714326
7.71000003814697	371.366912841797	0.25616172933951	0.0653231836622581	0.00129102321807295	23.967614
7.80999994277954	375.357574462891	0.259623368037865	0.066766697273124	0.00130420550704002	24.225166
7.90999984741211	379.200653076172	0.262854242464527	0.0673324975650758	0.00131763657554984	24.473194
8.01000022888184	383.566558837891	0.266315881162882	0.0682868412695825	0.00134614168200642	24.754966
8.10999965667725	387.241577148438	0.269546755589545	0.0694214832037687	0.00135299994144589	24.992148
8.21000003814697	390.849060058594	0.272777630016208	0.0696969218552113	0.00137063965667039	25.22497
8.3100004196167	395.330352783203	0.276239268714562	0.0705500060576014	0.00138840056024492	25.514188
8.40999984741211	398.716766357422	0.279470143141225	0.0713530898792669	0.00140516879037023	25.732744
8.51000022888184	402.845550537109	0.282931781839579	0.0725810386938974	0.00142575043719262	25.99921
8.60999965667725	406.726959228516	0.286162656266242	0.0736890069674701	0.00142653833609074	26.249712
8.71000003814697	410.529571533203	0.289624294964597	0.0737687441869639	0.00145215843804181	26.49513
8.8100004196167	414.306396484375	0.29285516939126	0.0747517406125553	0.00148188206367195	26.738882
8.90999984741211	418.704711914063	0.296316808089614	0.0763989228289574	0.00148790853563696	27.022744
9.01000022888184	421.924285888672	0.299547682516277	0.0769709367887117	0.00150959356687963	27.230532
9.10999965667725	426.173187255859	0.303009321214631	0.0772059502196498	0.00152192753739655	27.50475
9.21000003814697	430.268859863281	0.306470959912986	0.0783121577114798	0.00154718197882175	27.769082
9.3100004196167	434.193603515625	0.309701834339648	0.0792233040556312	0.00154450605623424	28.02238
9.40999984741211	437.836608886719	0.312932708766311	0.0797855173004791	0.00158504489809275	28.257496
9.51000022888184	441.954193115234	0.316394347464666	0.0805854942882434	0.00159214611630887	28.52324
9.60999965667725	445.460632324219	0.31985598616302	0.081760561442934	0.00160401570610702	28.749542
9.71000003814697	449.182769775391	0.323086860589683	0.0825790921226144	0.00162794697098434	28.989764
9.8100004196167	453.272674560547	0.326317735016346	0.0832223158795387	0.00163808616343886	29.253722
9.90999984741211	456.944549560547	0.3297793737147	0.0839333370095119	0.00165766710415483	29.4907
10.0100002288818	460.421264648438	0.333010248141363	0.0851631120895036	0.00167676457203925	29.715084
10.1099996566772	464.74072265625	0.336471886839718	0.0865482943481766	0.00169471895787865	29.993858
10.210000038147	468.429138183594	0.339702761266381	0.0865290567162447	0.00170512858312577	30.231904
10.3100004196167	472.464294433594	0.342933635693043	0.0872651216923259	0.00173928227741271	30.492328
10.4099998474121	476.076812744141	0.346164481015876	0.0880341758602299	0.00174390291795135	30.725476
10.5100002288818	480.120330810547	0.349626148818061	0.0892896059667692	0.0017684466438368	30.98644
10.6099996566772	483.695465087891	0.352857023244724	0.0896047276910394	0.00177524168975651	31.217176
10.710000038147	487.118530273438	0.356318661943078	0.091833011538256	0.00179074367042631	31.438096
10.8100004196167	491.552673339844	0.359549536369741	0.091587113274727	0.00181542302016169	31.724272
10.9099998474121	495.203430175781	0.363011175068095	0.0922126710065641	0.00182418653275818	31.959888
11.0100002288818	498.982177734375	0.366242049494758	0.093153546913527	0.00183511269278824	32.203764
11.1099996566772	502.487823486328	0.369703688193113	0.0944048078963533	0.00185352715197951	32.430014
11.210000038147	505.986450195313	0.372934562619776	0.0948388551478274	0.00186532957013696	32.655812
11.3100004196167	509.826782226563	0.376165407942608	0.0959874741965905	0.00188914930913597	32.903662
11.4099998474121	513.941772460938	0.379627075744793	0.0968590466072783	0.00189614365808666	33.16924
11.5100002288818	517.332641601563	0.382857950171456	0.0977518575382419	0.00192299613263458	33.388082
11.6099996566772	521.333190917969	0.38631958886981	0.0983326535788365	0.00194146926514804	33.646272
11.710000038147	525.236389160156	0.389550434192643	0.0996217713691294	0.00195192580576986	33.89818
11.8100004196167	528.782836914063	0.393012101994827	0.100015000498388	0.00197301781736314	34.127064
11.9099998474121	532.087646484375	0.39624297642149	0.100433382613119	0.00198277202434838	34.340356
12.0100002288818	536.444885253906	0.399704615119845	0.10145587293664	0.00200045993551612	34.621564
12.1099996566772	539.7802734375	0.402935489546508	0.103197337011807	0.00201419973745942	34.836828
12.210000038147	543.538269042969	0.40616633486934	0.103181082522497	0.00203159032389522	35.079364
12.3100004196167	547.125183105469	0.409397209296003	0.104835628008004	0.00204897439107299	35.31086
12.4099998474121	550.52587890625	0.412858847994357	0.105471430288162	0.00205837399698794	35.530336
12.5100002288818	554.396606445313	0.41608972242102	0.106036859506276	0.0020932094193995	35.780148
12.6099996566772	558.123962402344	0.419551361119375	0.10701207065722	0.00209604669362307	36.020708
12.710000038147	561.707458496094	0.422782235546038	0.107629224658012	0.00211345590651035	36.251984
12.8100004196167	565.839660644531	0.4260131099727	0.108451764390338	0.00213833153247833	36.518672
12.9099998474121	569.309997558594	0.429474748671055	0.108755622932222	0.00214576628059149	36.742644
13.0100002288818	572.750061035156	0.432705623097718	0.110653920273762	0.00217337976209819	36.96466
13.1099996566772	576.24853515625	0.43593646842055	0.111269204353448	0.00217772857286036	37.190448
13.210000038147	579.935668945313	0.439398136222735	0.111663532152306	0.00220712926238775	37.428412
13.3100004196167	583.608764648438	0.442629010649398	0.112587411422282	0.00221264688298106	37.665472
13.4099998474121	587.320007324219	0.445859885076061	0.113995018182322	0.00223182095214725	37.904992
13.5100002288818	590.772216796875	0.449321494670585	0.11443344556028	0.00224811094813049	38.127792
13.6099996566772	594.117736816406	0.452552369097248	0.115695933345705	0.00226770201697946	38.343708
13.710000038147	598.226135253906	0.456014036899433	0.11577097029658	0.00227260030806065	38.60886
13.8100004196167	601.614868164063	0.459244911326095	0.116564413474407	0.00229778699576855	38.827564
13.9099998474121	605.672302246094	0.46270655002445	0.117767085612286	0.00232157949358225	39.089428
14.0100002288818	608.933776855469	0.466168188722804	0.11819765495602	0.00234397687017918	39.29992
14.1099996566772	612.365661621094	0.469399063149467	0.119676566100679	0.00234536128118634	39.521408
14.210000038147	616.468627929688	0.47262993757613	0.120114244055003	0.00236676982603967	39.786212
14.3100004196167	619.377197265625	0.476091576274484	0.120800279546529	0.00237283878959715	39.973928
14.4099998474121	623.2734375	0.479322421597317	0.122193217976019	0.00239602057263255	40.225384
14.5100002288818	626.477905273438	0.482784089399502	0.121824145026039	0.00241222837939858	40.4322
14.6099996566772	630.689270019531	0.486014963826165	0.123297751997598	0.00242821173742414	40.703996
14.710000038147	633.974670410156	0.489476602524519	0.123954334412701	0.00244183791801333	40.916032
14.8100004196167	637.711181640625	0.492707476951182	0.125388192827813	0.00246477476321161	41.15718
14.9099998474121	641.164794921875	0.496169144753367	0.126118000480346	0.00247156783007085	41.380072
15.0100002288818	644.671203613281	0.499399960972369	0.127408711705357	0.00250116223469377	41.606372
15.1099996566772	648.37646484375	0.502630835399032	0.127672814414836	0.00252046692185104	41.845508
15.210000038147	652.105102539063	0.506092503201216	0.128393643535674	0.00252700969576836	42.086148
15.3100004196167	655.489379882813	0.509323377627879	0.129046806250699	0.0025406654458493	42.304568
15.4099998474121	659.016296386719	0.512785045430064	0.130688495119102	0.00256441370584071	42.532192
15.5100002288818	662.641540527344	0.516015861649066	0.131136344862171	0.00257601030170918	42.76616
15.6099996566772	666.521484375	0.519477529451251	0.131835506181233	0.00260177603922784	43.016568
15.710000038147	669.512573242188	0.522708403877914	0.132938774186186	0.00261048786342144	43.209608
15.8100004196167	673.213256835938	0.526170013472438	0.133732668473385	0.00261925393715501	43.448448
15.9099998474121	676.486572265625	0.529400887899101	0.135283495183103	0.00264278938993812	43.659704
16.0100002288818	680.331359863281	0.532862555701286	0.13560512161348	0.00266810460016131	43.90784
16.1100006103516	683.834289550781	0.536093430127949	0.136276663397439	0.00267794029787183	44.133916
16.2099990844727	686.941833496094	0.539555097930133	0.136946866405196	0.00268703722395003	44.334472
16.3099994659424	690.327575683594	0.542785914149135	0.137474853545427	0.00270831515081227	44.552984
16.4099998474121	694.132263183594	0.546016788575798	0.138259158120491	0.00273173628374934	44.798536
16.5100002288818	697.590637207031	0.549247663002461	0.138813178637065	0.00274403602816164	45.021736
16.6100006103516	701.446044921875	0.552709330804646	0.140858159284107	0.00276651536114514	45.27056
16.7099990844727	705.239562988281	0.555940205231309	0.140919262776151	0.00277235731482506	45.515388
16.8099994659424	708.937316894531	0.559401814825833	0.141894153784961	0.00280325696803629	45.75404
16.9099998474121	712.044311523438	0.562632689252496	0.142710123327561	0.00280968309380114	45.95456
17.0100002288818	715.918701171875	0.566094357054681	0.143569443025626	0.00283045158721507	46.204608
17.1100006103516	719.035339355469	0.569325231481344	0.144640391226858	0.00284428801387548	46.405752
17.2099990844727	722.436157226563	0.572786841075867	0.145489349961281	0.00286103528924286	46.62524
17.3099994659424	726.876220703125	0.57601771550253	0.146487087476999	0.00287531944923103	46.911796
17.4099998474121	730.019958496094	0.579248589929193	0.146661113831215	0.00289253797382116	47.114688
17.5100002288818	733.30126953125	0.582479464355856	0.148338745930232	0.00291826389729977	47.32646
17.6100006103516	736.834716796875	0.58594107395038	0.148540100781247	0.00293189706280828	47.554504
17.7099990844727	740.747680664063	0.589402741752565	0.149754327139817	0.00293926591984928	47.807044
17.8099994659424	743.434265136719	0.592633616179228	0.150285093695857	0.00296409358270466	47.980432
17.9099998474121	746.984497070313	0.595864490605891	0.151424363139085	0.00297886878252029	48.20956
18.0100002288818	751.194152832031	0.599326158408076	0.152274398715235	0.00299556367099285	48.481248
18.1100006103516	753.990478515625	0.602556974627078	0.152708045789041	0.00301345717161894	48.66172
18.2099990844727	757.481872558594	0.606018642429262	0.154074456077069	0.00304436823353171	48.887052
18.3099994659424	760.919372558594	0.609249516855925	0.154499750351533	0.00304210279136896	49.108904
18.4099998474121	764.092895507813	0.612480391282588	0.155208806972951	0.00304656615480781	49.31372
18.5100002288818	767.480041503906	0.615942000877112	0.155859175720252	0.00308073638007045	49.53232
18.6100006103516	771.082641601563	0.619403668679297	0.15687636914663	0.00308593385852873	49.764828
18.7099990844727	774.366760253906	0.62263454310596	0.157890419359319	0.00310840224847198	49.976784
18.8099994659424	778.403198242188	0.625865417532623	0.158675567945465	0.00312428246252239	50.237292
18.9099998474121	781.666198730469	0.629096291959286	0.159444141900167	0.00313981459476054	50.44788
19.0100002288818	785.183654785156	0.63255790155381	0.160701936692931	0.00316233932971954	50.674892
19.1100006103516	788.201965332031	0.635788775980473	0.160926632815972	0.00318251270800829	50.869692
19.2099990844727	791.763427734375	0.639250443782657	0.16183230036404	0.00318509200587869	51.099544
19.3099994659424	795.352355957031	0.64248131820932	0.162915734108537	0.00321845151484013	51.331172
19.4099998474121	798.993774414063	0.645712192635983	0.163484844961204	0.00321021745912731	51.566184
19.5100002288818	801.969604492188	0.649173802230507	0.164442710229196	0.00324340909719467	51.75824
19.6100006103516	805.516540527344	0.65240467665717	0.164842014783062	0.00326300458982587	51.987156
19.7099990844727	808.771789550781	0.655635551083833	0.166253303177655	0.00326520833186805	52.197244
19.8099994659424	812.526489257813	0.659097218886018	0.166744721354917	0.00329178757965565	52.439568
19.9099998474121	816.0498046875	0.662328093312681	0.167732214322314	0.00330346124246717	52.66696
20.0100002288818	818.928161621094	0.665558909531683	0.168026293977164	0.00332121271640062	52.852728
20.1100006103516	822.566589355469	0.669020577333868	0.16944516391959	0.00333386543206871	53.087548
20.2099990844727	826.518493652344	0.67225145176053	0.170457729836926	0.0033502986188978	53.3426
20.3099994659424	829.334655761719	0.675713119562715	0.171033447259106	0.00336964195594192	53.524352
20.4099998474121	833.192138671875	0.678943993989378	0.171744439285249	0.00338879250921309	53.773308
20.5100002288818	836.596130371094	0.682405603583902	0.172779124113731	0.00340798869729042	53.993
20.6100006103516	839.737365722656	0.685636478010565	0.173882290255278	0.00341358501464128	54.195732
20.7099990844727	842.9833984375	0.68909814581275	0.174565546330996	0.00343239936046302	54.405224
20.8099994659424	845.989440917969	0.692328962031752	0.174610773683526	0.00344692543148994	54.599232
20.9099998474121	849.582763671875	0.695559836458415	0.176035799086094	0.00346452347002923	54.83114
21.0100002288818	852.903564453125	0.6990215042606	0.176729023223743	0.00348676485009491	55.045464
21.1100006103516	856.283508300781	0.702252378687263	0.177741196239367	0.00350600876845419	55.2636
21.2099990844727	860.090148925781	0.705714046489447	0.178538786713034	0.00350931333377957	55.509276
21.3099994659424	863.212829589844	0.70894492091611	0.179832626599818	0.0035379861947149	55.710812
21.4099998474121	866.608703613281	0.712406530510634	0.180012080818415	0.00355033436790109	55.929976
21.5100002288818	870.127563476563	0.715637404937297	0.180525777977891	0.00355985364876688	56.15708
21.6100006103516	873.669982910156	0.719099072739482	0.181395473191515	0.00358275510370731	56.385704
21.7099990844727	877.240417480469	0.722329888958484	0.182901596417651	0.00359027739614248	56.616136
21.8099994659424	880.306762695313	0.725560763385147	0.182823248906061	0.00361215672455728	56.814036
21.9099998474121	883.235717773438	0.72879163781181	0.183914744411595	0.0036293005105108	57.003068
22.0100002288818	886.832763671875	0.732253305613995	0.18470645591151	0.0036552376113832	57.235216
22.1100006103516	890.291381835938	0.735484180040658	0.185756725841202	0.00367138627916574	57.458432
22.2099990844727	893.440185546875	0.738945847842842	0.186577264685184	0.00368136679753661	57.661652
22.3099994659424	896.832397460938	0.742176722269505	0.186873599886894	0.0036975434049964	57.88058
22.4099998474121	900.507995605469	0.745638331864029	0.188442019862123	0.0037020358722657	58.1178
22.5100002288818	903.92333984375	0.748869206290692	0.1892823347589	0.00372323673218489	58.338224
22.6100006103516	907.232666015625	0.752330815885216	0.189526530448347	0.00374143896624446	58.551804
22.7099990844727	910.235717773438	0.755561690311879	0.19048759713769	0.00375549262389541	58.745616
22.8099994659424	914.181884765625	0.759023358114064	0.19129368592985	0.0037670242600143	59.000296
22.9099998474121	917.351196289063	0.762254232540727	0.191454528248869	0.00378467701375484	59.20484
23.0100002288818	920.569702148438	0.765715900342911	0.193466854398139	0.00380891654640436	59.41256
23.1100006103516	924.55322265625	0.768946716561913	0.193749583559111	0.00381860928609967	59.669652
23.2099990844727	927.373596191406	0.772408384364098	0.194974418263882	0.0038395116571337	59.851676
23.3099994659424	930.865539550781	0.775639258790761	0.195543398149312	0.00385525450110435	60.077044
23.4099998474121	934.165405273438	0.779100868385285	0.196693348698318	0.00387974339537323	60.290012
23.5100002288818	937.662902832031	0.782331742811948	0.198001420358196	0.00389519263990223	60.515736
23.6100006103516	941.08154296875	0.785793410614133	0.197467510588467	0.00390957528725266	60.736372
23.7099990844727	944.640258789063	0.789024285040796	0.198747409740463	0.00391169171780348	60.966048
23.8099994659424	948.332153320313	0.792485952842981	0.200261085410602	0.00392825622111559	61.20432
23.9099998474121	951.092651367188	0.795716769061983	0.201341856154613	0.00394839514046907	61.38248
24.0100002288818	954.367309570313	0.798947643488646	0.201750182895921	0.00395925017073751	61.59382
24.1100006103516	958.21240234375	0.80240931129083	0.201852497411892	0.00398272508755326	61.84198
24.2099990844727	961.658203125	0.805870979093015	0.203256669919938	0.00400327378883958	62.064368
24.3099994659424	965.001342773438	0.809101795312017	0.204216252313927	0.00402312818914652	62.280132
24.4099998474121	967.985412597656	0.812563463114202	0.205135555006564	0.0040370300412178	62.47272
24.5100002288818	971.443603515625	0.815794337540865	0.205739415832795	0.004053870216012	62.695908
24.6100006103516	975.412902832031	0.819025211967528	0.20675192354247	0.00406000716611743	62.95208
24.7099990844727	979.26220703125	0.822486821562052	0.207391029107384	0.0040775123052299	63.200512
24.8099994659424	981.830017089844	0.825717695988715	0.208365920116194	0.00410620914772153	63.366236
24.9099998474121	985.583923339844	0.828948570415378	0.209314821404405	0.00412107165902853	63.608508
25.0100002288818	989.107177734375	0.832179444842041	0.209462421480566	0.00411939853802323	63.835896
25.1100006103516	992.411743164063	0.835641112644225	0.210599173442461	0.00415233010426164	64.049168
25.2099990844727	996.075500488281	0.838871928863227	0.211297228815965	0.00416580680757761	64.285624
25.3099994659424	999.599548339844	0.842333596665412	0.212257378734648	0.00418236199766397	64.51306
25.4099998474121	1002.52606201172	0.845564471092075	0.213392777368426	0.004193558357656	64.701936
25.5100002288818	1005.73022460938	0.84902613889426	0.214253886952065	0.00421147560700774	64.908728
25.6100006103516	1009.32720947266	0.852257013320923	0.214812869671732	0.00423363549634814	65.140872
25.7099990844727	1012.33587646484	0.855718622915447	0.216223357710987	0.00424933806061745	65.335048
25.8099994659424	1016.36791992188	0.85894949734211	0.217049295315519	0.00426119565963745	65.595272
25.9099998474121	1019.98016357422	0.862180371768773	0.217674489249475	0.00427200412377715	65.828404
26.0100002288818	1023.17047119141	0.865642039570957	0.218108805711381	0.00429889326915145	66.0343
26.1100006103516	1027.02783203125	0.868872855789959	0.218290413613431	0.00431084400042892	66.283252
26.2099990844727	1030.55554199219	0.872334523592144	0.219941895920783	0.00433122273534536	66.510928
26.3099994659424	1033.41845703125	0.875565398018807	0.22064198856242	0.00434274040162563	66.695696
26.4099998474121	1037.38684082031	0.87879627244547	0.221287045860663	0.00436572637408972	66.951812
26.5100002288818	1041.05297851563	0.882257940247655	0.222474613110535	0.00438084080815315	67.188416
26.6100006103516	1043.99768066406	0.885488814674318	0.22325647296384	0.00439312029629946	67.378464
26.7099990844727	1047.7490234375	0.888950424268842	0.224133502342738	0.00441278610378504	67.620576
26.8099994659424	1051.41186523438	0.892181298695505	0.224798393901438	0.00442490912973881	67.856968
26.9099998474121	1054.58581542969	0.895412173122168	0.225324591156095	0.004437948577106	68.061816
27.0100002288818	1058.36206054688	0.898873782716691	0.226895208470523	0.00445166556164622	68.305528
27.1100006103516	1061.43090820313	0.902104657143354	0.227765965973958	0.00447553722187877	68.503592
27.2099990844727	1064.83630371094	0.905566324945539	0.228206452447921	0.00449866615235806	68.723368
27.3099994659424	1069.06909179688	0.908797199372202	0.228807053645141	0.00450782757252455	68.996552
27.4099998474121	1071.94848632813	0.912028073798865	0.229931916692294	0.00451882369816303	69.182384
27.5100002288818	1075.466796875	0.91548974160105	0.230651523452252	0.00454412214457989	69.409448
27.6100006103516	1079.10571289063	0.918720616027713	0.230687946896069	0.00455218693241477	69.644304
27.7099990844727	1082.74169921875	0.922182225622237	0.232772741583176	0.00457269139587879	69.87896
27.8099994659424	1085.92944335938	0.9254131000489	0.232919759582728	0.0045814597979188	70.084696
27.9099998474121	1089.37573242188	0.928874709643424	0.234113642363809	0.00460636103525758	70.30712
28.0100002288818	1092.70861816406	0.932105584070086	0.234803097555414	0.00461491942405701	70.522216
28.1100006103516	1096.3779296875	0.935567251872271	0.235367813729681	0.00463216518983245	70.759032
28.2099990844727	1099.70520019531	0.938798126298934	0.236545354709961	0.00464074686169624	70.973768
28.3099994659424	1103.03955078125	0.942029000725597	0.237233281950466	0.00467701116576791	71.188968
28.4099998474121	1107.34460449219	0.945490668527782	0.237602886045352	0.0046847895719111	71.466808
28.5100002288818	1110.22326660156	0.948721542954445	0.239353947108611	0.00469717755913734	71.652592
28.6100006103516	1113.71813964844	0.952183152548969	0.23943635460455	0.00472430605441332	71.878152
28.7099990844727	1117.58703613281	0.955413968767971	0.241078261751682	0.00473974319174886	72.12784
28.8099994659424	1121.17004394531	0.958644843194634	0.241110305069014	0.00474603055045009	72.359088
28.9099998474121	1124.572265625	0.962106510996819	0.241801186348312	0.00476267701014876	72.578664
29.0100002288818	1127.62243652344	0.965337385423481	0.24281234072987	0.00478039402514696	72.77552
29.1100006103516	1131.36083984375	0.968799053225666	0.243669215706177	0.00478275772184134	73.016792
29.2099990844727	1134.673828125	0.972029927652329	0.245322240516543	0.00480817584320903	73.230608
29.3099994659424	1138.09301757813	0.975491595454514	0.245580187765881	0.00482569541782141	73.45128
29.4099998474121	1141.4462890625	0.978722353465855	0.246020994381979	0.00484046572819352	73.667696
29.5100002288818	1145.78515625	0.982184079475701	0.247130054049194	0.0048664677888155	73.94772
29.6100006103516	1148.14001464844	0.985414953902364	0.248580618062988	0.0048785237595439	74.099696
29.7099990844727	1151.64770507813	0.988876563496888	0.248597643803805	0.004892707336694	74.32608
29.8099994659424	1155.25573730469	0.992107437923551	0.249427830567583	0.00490725040435791	74.558944
29.9099998474121	1158.65295410156	0.995569163933396	0.25036878651008	0.00491808215156198	74.778192
30.0100002288818	1162.05944824219	0.998799921944737	0.251145276706666	0.00493702851235867	74.998048
30.1100006103516	1165.74658203125	1.00226164795458	0.252157129580155	0.00495800049975514	75.236008
30.2099990844727	1169.14477539063	1.00549240596592	0.252766098128632	0.00497071770951152	75.45532
30.3099994659424	1172.29724121094	1.00895413197577	0.254106387728825	0.00498040812090039	75.658784
30.4099998474121	1176.02355957031	1.01218500640243	0.255267572356388	0.00501116272062063	75.899272
30.5100002288818	1179.08984375	1.01564661599696	0.255907070823014	0.00502346083521843	76.097168
30.6100006103516	1182.50988769531	1.01887749042362	0.256138533586636	0.00503336684778333	76.317896
30.7099990844727	1186.05383300781	1.02233910001814	0.257521955063567	0.00506016006693244	76.546616
30.8099994659424	1188.84997558594	1.02557009086013	0.257706822594628	0.00506529491394758	76.727072
30.9099998474121	1192.64465332031	1.02903158403933	0.259390333667398	0.0050844238139689	76.971984
31.0100002288818	1196.14477539063	1.03226257488132	0.259306427324191	0.0051069026812911	77.197872
31.1100006103516	1199.64489746094	1.03572418447584	0.260461820289493	0.00512991659343243	77.423768
31.2099990844727	1202.96459960938	1.0389550589025	0.260983477346599	0.00512481713667512	77.638016
31.3099994659424	1205.95556640625	1.04218593332917	0.262207409832627	0.00515972590073943	77.831048
31.4099998474121	1209.31018066406	1.04541680775583	0.262765359366313	0.00516861118376255	78.047552
31.5100002288818	1212.94665527344	1.04887841735035	0.263666384853423	0.00518717430531979	78.282248
31.6100006103516	1216.67199707031	1.05234002694488	0.264682021224871	0.00518890516832471	78.52268
31.7099990844727	1220.36181640625	1.05557101778686	0.265530223259702	0.00522553315386176	78.760816
31.8099994659424	1223.11938476563	1.0588017757982	0.265516864601523	0.00522635458037257	78.938784
31.9099998474121	1226.4150390625	1.06226350180805	0.266643590293825	0.00525007909163833	79.15148
32.0099983215332	1229.89440917969	1.06549425981939	0.267902330961078	0.00527266832068563	79.37604
32.1100006103516	1233.13586425781	1.06895598582923	0.268913252511993	0.00528489332646132	79.58524
32.2099990844727	1236.80126953125	1.0721868602559	0.269373966148123	0.00528600998222828	79.8218
32.310001373291	1239.15649414063	1.07564846985042	0.270106422249228	0.00531459553167224	79.9738
32.4099998474121	1242.74780273438	1.07887934427708	0.271586235612631	0.00532650435343385	80.205584
32.5099983215332	1246.37573242188	1.08234095387161	0.272069359198213	0.00533859664574265	80.439728
32.6100006103516	1250.07995605469	1.08557182829827	0.272906589088961	0.00534733105450869	80.678792
32.7099990844727	1252.76574707031	1.08903343789279	0.273391633527353	0.00538454996421933	80.852128
32.810001373291	1256.01684570313	1.09226442873478	0.274337013252079	0.00539706228300929	81.061952
32.9099998474121	1260.16784667969	1.0957260383293	0.275107508059591	0.00541018228977919	81.329856
33.0099983215332	1262.86596679688	1.09895691275597	0.275681872153655	0.00543244834989309	81.503984
33.1100006103516	1265.91577148438	1.10218778718263	0.277250626822934	0.00544923124834895	81.700816
33.2099990844727	1268.41674804688	1.10564939677715	0.277347455266863	0.00544817419722676	81.862232
33.310001373291	1272.05102539063	1.10888027120382	0.278162100585178	0.00547012407332659	82.096784
33.4099998474121	1275.90466308594	1.11211114563048	0.279200758086517	0.00548849394544959	82.345488
33.5099983215332	1278.58728027344	1.115572755225	0.28007646324113	0.00551220029592514	82.518624
33.6100006103516	1282.1103515625	1.11880362965167	0.28109346749261	0.00552356662228704	82.746
33.7099990844727	1285.53955078125	1.12226535566151	0.281578162685037	0.00552451424300671	82.967312
33.810001373291	1288.83215332031	1.12549611367285	0.282390101347119	0.00555242551490664	83.179816
33.9099998474121	1291.49572753906	1.12872710451484	0.283309782389551	0.00556699046865106	83.35172
34.0099983215332	1295.03344726563	1.13218871410936	0.283438654150814	0.00557480659335852	83.58004
34.1100006103516	1297.8994140625	1.13541958853602	0.284543697489426	0.00560173951089382	83.765008
34.2099990844727	1301.2314453125	1.13865046296269	0.285035959677771	0.00561637431383133	83.980056
34.310001373291	1305.25390625	1.14211207255721	0.286140275420621	0.0056294109672308	84.239656
34.4099998474121	1307.89575195313	1.14534294698387	0.28762171859853	0.00565631128847599	84.41016
34.5099983215332	1311.27807617188	1.1488045565784	0.287672621197999	0.00566456513479352	84.628448
34.6100006103516	1314.40112304688	1.15203543100506	0.288789509795606	0.00568097131326795	84.830008
34.7099990844727	1318.44616699219	1.15549704059958	0.289567484287545	0.00569306733086705	85.091072
34.810001373291	1321.08422851563	1.15872803144157	0.290776224574074	0.00571873923763633	85.261328
34.9099998474121	1324.8125	1.16218964103609	0.291243748506531	0.00572560867294669	85.501952
35.0099983215332	1328.23315429688	1.16542051546276	0.291618140181527	0.00575316976755857	85.722712
35.1100006103516	1330.64172363281	1.16865138988942	0.293423683615401	0.00576273584738374	85.87816
35.2099990844727	1334.49523925781	1.17211299948394	0.293242424959317	0.00577432382851839	86.126864
35.310001373291	1337.36962890625	1.17557460907847	0.293970748316497	0.00580171402543783	86.312368
35.4099998474121	1340.63977050781	1.17880548350513	0.295753387035802	0.00580934947356582	86.523424
35.5099983215332	1344.466796875	1.18203635793179	0.296109705232084	0.00582557870075107	86.770416
35.6100006103516	1347.42700195313	1.18526723235846	0.297135935397819	0.00583768030628562	86.961464
35.7099990844727	1350.60583496094	1.1887289583683	0.297707476420328	0.00585897034034133	87.166624
35.810001373291	1353.52575683594	1.19195971637964	0.298528553685173	0.00586631847545505	87.355072
35.9099998474121	1356.8408203125	1.19542132597417	0.29980466933921	0.00587792787700891	87.569024
36.0099983215332	1360.26953125	1.19865231681615	0.300058018183336	0.00590631505474448	87.790304
36.1100006103516	1363.48681640625	1.20211380999535	0.300809799227864	0.00591626483947039	87.997944
36.2099990844727	1366.36206054688	1.20534480083734	0.301852764096111	0.005943245254457	88.183512
36.310001373291	1370.56323242188	1.20880641043186	0.30230128322728	0.00595432566478848	88.454648
36.4099998474121	1372.9345703125	1.21203728485852	0.303932669339702	0.00596855953335762	88.607696
36.5099983215332	1376.15295410156	1.21526815928519	0.303691311273724	0.0059795742854476	88.815408
36.6100006103516	1379.720703125	1.21849903371185	0.304765475448221	0.00599859794601798	89.045664
36.7099990844727	1382.27697753906	1.22196064330637	0.305876252241433	0.0060222796164453	89.21064
36.810001373291	1385.71520996094	1.2254222529009	0.306672416627407	0.00602739071473479	89.432544
36.9099998474121	1388.95300292969	1.22865324374288	0.307217327645049	0.00604806467890739	89.641504
37.0099983215332	1391.75268554688	1.23211473692209	0.307447218801826	0.00606399308890104	89.822192
37.1100006103516	1394.86645507813	1.23557646293193	0.30962930759415	0.00607333797961473	90.023152
37.2099990844727	1398.2900390625	1.23880733735859	0.309703027596697	0.0060997735708952	90.244112
37.310001373291	1401.14196777344	1.24203821178526	0.310483243083581	0.00612254347652197	90.428168
37.4099998474121	1404.67041015625	1.24549982137978	0.310803763568401	0.00612787855789065	90.655888
37.5099983215332	1407.27355957031	1.24873081222177	0.312028074404225	0.00613216683268547	90.823896
37.6100006103516	1410.46459960938	1.25219242181629	0.313266791636124	0.00615589367225766	91.02984
37.7099990844727	1414.69946289063	1.25542317982763	0.313591415761039	0.00617854949086905	91.303152
37.810001373291	1417.43139648438	1.25865417066962	0.314985169097781	0.00618863478302956	91.479472
37.9099998474121	1420.24914550781	1.26211566384882	0.315433135256171	0.0062096850015223	91.661328
38.0099983215332	1423.43371582031	1.2653466546908	0.316425721393898	0.00622095679864287	91.866856
38.1100006103516	1426.74914550781	1.26880826428533	0.317376077873632	0.00623762374743819	92.080824
38.2099990844727	1429.66418457031	1.27203913871199	0.317714788252488	0.00626009469851851	92.26896
38.310001373291	1432.88110351563	1.27550074830651	0.318689475534484	0.00627554766833782	92.476576
38.4099998474121	1435.01782226563	1.27896235790104	0.31999364728108	0.00627927808091044	92.61448
38.5099983215332	1438.76440429688	1.28219334874302	0.320645369356498	0.00630344403907657	92.85628
38.6100006103516	1441.84460449219	1.28542410675436	0.32154590007849	0.00631470512598753	93.055072
38.7099990844727	1445.11206054688	1.28888583276421	0.321482337312773	0.00633270479738712	93.265952
38.810001373291	1447.99011230469	1.29211659077555	0.322949985275045	0.00635249260812998	93.451696
38.9099998474121	1451.19018554688	1.2955783167854	0.324070220813155	0.00637071905657649	93.658224
39.0099983215332	1454.267578125	1.29880919121206	0.324773951433599	0.00639371341094375	93.85684
39.1100006103516	1457.06176757813	1.3022709172219	0.325870554661378	0.00639689061790705	94.037168
39.2099990844727	1459.87463378906	1.30573252681643	0.325646426063031	0.00641334941610694	94.218712
39.310001373291	1463.26550292969	1.30896328482777	0.327262823702767	0.00643603317439556	94.437552
39.4099998474121	1465.85302734375	1.31219427566975	0.327888556057587	0.00645179906859994	94.604552
39.5099983215332	1468.88623046875	1.31565588526428	0.328281166730449	0.00647236173972487	94.800312
39.6100006103516	1472.06298828125	1.31888675969094	0.32947986619547	0.00648087030276656	95.005336
39.7099990844727	1474.99658203125	1.32234836928546	0.330269947880879	0.00648958189412951	95.194664
39.810001373291	1478.07250976563	1.32557924371213	0.331109535181895	0.0065117385238409	95.393184
39.9099998474121	1481.13073730469	1.32881011813879	0.331445859046653	0.00651535391807556	95.590552
40.0099983215332	1483.93896484375	1.33227184414864	0.332535157212988	0.00653962278738618	95.771792
40.1100006103516	1486.67626953125	1.33550260215998	0.333916075760499	0.00655506970360875	95.948456
40.2099990844727	1489.53479003906	1.3389642117545	0.334394368110225	0.00656681042164564	96.132944
40.310001373291	1493.060546875	1.34219520259649	0.335081771481782	0.00658572418615222	96.360496
40.4099998474121	1496.1611328125	1.34542596060783	0.336626661010087	0.00660941516980529	96.5606
40.5099983215332	1498.10046386719	1.34888768661767	0.336761790094897	0.00662309676408768	96.68576
40.6100006103516	1501.31567382813	1.35211844462901	0.33805807470344	0.00663247378543019	96.893272
40.7099990844727	1503.83203125	1.35558017063886	0.338679645210505	0.00665781646966934	97.055672
40.810001373291	1507.08752441406	1.35881104506552	0.339860183885321	0.00666691036894917	97.265776
40.9099998474121	1509.93920898438	1.36204191949219	0.339709658874199	0.00668122339993715	97.449824
41.0099983215332	1512.92297363281	1.36550352908671	0.340586644597352	0.00669786240905523	97.642392
41.1100006103516	1515.6328125	1.36873451992869	0.341774197295308	0.00672398414462805	97.81728
41.2099990844727	1518.67199707031	1.37219612952322	0.343080377206206	0.0067350878380239	98.013424
41.310001373291	1521.17834472656	1.37542688753456	0.343231571605429	0.00675149913877249	98.175184
41.4099998474121	1523.88452148438	1.37865776196122	0.343715684721246	0.0067679425701499	98.34984
41.5099983215332	1527.23645019531	1.38211937155575	0.344859261531383	0.00678349938243628	98.566168
41.6100006103516	1529.92614746094	1.38535036239773	0.345903303241357	0.00680364202708006	98.73976
41.7099990844727	1532.77465820313	1.38881197199225	0.346888584317639	0.00681430194526911	98.9236
41.810001373291	1535.49011230469	1.39204284641892	0.346906657796353	0.00681942189112306	99.098848
41.9099998474121	1538.87182617188	1.39527372084558	0.347986177075654	0.00683570699766278	99.317104
42.0099983215332	1541.36303710938	1.39873544685543	0.34835678525269	0.00686444342136383	99.47788
42.1100006103516	1544.13488769531	1.40196620486677	0.349811860360205	0.00687462044879794	99.656776
42.2099990844727	1547.23559570313	1.40542781446129	0.350061047356576	0.0068890112452209	99.856888
42.310001373291	1549.36596679688	1.40865868888795	0.352208793628961	0.00690742488950491	99.994384
42.4099998474121	1552.37170410156	1.41212029848248	0.351835129549727	0.00691690901294351	100.188368
42.5099983215332	1554.99157714844	1.41535128932446	0.353369076037779	0.00694020930677652	100.357456
42.6100006103516	1557.65747070313	1.41881289891899	0.353329436620697	0.00695746298879385	100.529504
42.7099990844727	1560.59753417969	1.42204377334565	0.354483723640442	0.00697870878502727	100.719256
42.810001373291	1562.96276855469	1.42527464777231	0.355723779648542	0.00698729092255235	100.871904
42.9099998474121	1566.04699707031	1.42850552219898	0.35637739347294	0.00700203841552138	101.07096
43.0099983215332	1568.94714355469	1.4319671317935	0.356131728040054	0.00701919896528125	101.258128
43.1100006103516	1571.78735351563	1.43542874138802	0.35795709118247	0.00702910171821713	101.441432
43.2099990844727	1574.22058105469	1.43865961581469	0.358399352990091	0.00705355312675238	101.598472
43.310001373291	1576.6611328125	1.44189049024135	0.359670724719763	0.0070620127953589	101.755984
43.4099998474121	1579.97290039063	1.44535221625119	0.360106874722987	0.00708745513111353	101.96972
43.5099983215332	1582.49438476563	1.44881382584572	0.360726902727038	0.00709575042128563	102.132456
43.6100006103516	1585.56457519531	1.45204470027238	0.36189123056829	0.00711829261854291	102.3306
43.7099990844727	1588.29309082031	1.45527557469904	0.362427352229133	0.00713049154728651	102.506696
43.810001373291	1590.76574707031	1.45873718429357	0.363386468961835	0.00714618945494294	102.66628
43.9099998474121	1593.86120605469	1.46196805872023	0.365202053217217	0.00716577190905809	102.866056
44.0099983215332	1596.48083496094	1.46542966831476	0.364783307304606	0.00717840157449245	103.035128
44.1100006103516	1598.92236328125	1.46866054274142	0.365844112820923	0.00719099398702383	103.192696
44.2099990844727	1601.60375976563	1.47212215233594	0.366715161362663	0.00720496149733663	103.365752
44.310001373291	1604.43054199219	1.47535314317793	0.367681350326166	0.00723342318087816	103.548192
44.4099998474121	1607.25891113281	1.47881475277245	0.368683395208791	0.00725666806101799	103.730728
44.5099983215332	1610.02233886719	1.48204562719911	0.369207613402978	0.00726329488679767	103.90908
44.6100006103516	1612.65893554688	1.48550723679364	0.369281595339999	0.00727980630472302	104.07924
44.7099990844727	1615.07604980469	1.4887381112203	0.370577705325559	0.00729050952941179	104.23524
44.810001373291	1618.28759765625	1.49219972081482	0.371967238606885	0.00730311870574951	104.442512
44.9099998474121	1620.77429199219	1.49543059524149	0.37225685082376	0.00732485810294747	104.603
45.0099983215332	1623.79345703125	1.49866146966815	0.372677983250469	0.00733928428962827	104.797848
45.1100006103516	1625.82897949219	1.50212307926267	0.373298476915807	0.00736330356448889	104.929224
45.2099990844727	1629.13232421875	1.50535407010466	0.374902709154412	0.00737070525065064	105.142416
45.310001373291	1631.71484375	1.50881567969918	0.375704577891156	0.00738087762147188	105.309088
45.4099998474121	1634.50732421875	1.51204655412585	0.376111624063924	0.00740838516503572	105.489312
45.5099983215332	1636.98388671875	1.51550816372037	0.376347394194454	0.00741306087002158	105.649144
45.6100006103516	1640.20483398438	1.51873903814703	0.377857853891328	0.00742797181010246	105.857024
45.7099990844727	1642.7392578125	1.52220064774156	0.378851866116747	0.00744661595672369	106.020592
45.810001373291	1645.55981445313	1.52543152216822	0.37948094541207	0.00746631715446711	106.202632
45.9099998474121	1648.09594726563	1.52866239659488	0.380096636945382	0.00749354157596827	106.366304
46.0099983215332	1650.59265136719	1.53212400618941	0.38043997483328	0.00750512164086103	106.52744
46.1100006103516	1653.29626464844	1.53558573219925	0.382176280254498	0.00750370137393475	106.701928
46.2099990844727	1655.90881347656	1.53881660662591	0.382608617655933	0.00752473575994372	106.870544
46.310001373291	1659.06433105469	1.54204748105258	0.383714563213289	0.00754118105396628	107.074192
46.4099998474121	1661.17370605469	1.5455090906471	0.384526152629405	0.00756231881678104	107.210336
46.5099983215332	1663.60046386719	1.54873996507376	0.385066960006952	0.00757386907935143	107.366952
46.6100006103516	1667.13171386719	1.55220157466829	0.385410792659968	0.00758291641250253	107.594856
46.7099990844727	1669.68481445313	1.55543244909495	0.386804109439254	0.00760735478252172	107.759632
46.810001373291	1672.29699707031	1.5588941751048	0.387745356420055	0.0076146088540554	107.928216
46.9099998474121	1674.57592773438	1.56212493311614	0.387748412322253	0.00764596462249756	108.075296
47.0099983215332	1677.29760742188	1.56535592395812	0.389454304240644	0.0076568964868784	108.250952
47.1100006103516	1680.10778808594	1.56881753355265	0.38996443618089	0.00767462002113461	108.43232
47.2099990844727	1682.58166503906	1.57204840797931	0.390473403967917	0.0076868599280715	108.591976
47.310001373291	1685.32702636719	1.57527928240597	0.39188694790937	0.0076949754729867	108.76916
47.4099998474121	1687.93017578125	1.5787408920005	0.391797482734546	0.00770867662504315	108.937168
47.5099983215332	1690.55383300781	1.58197176642716	0.393177120713517	0.00772831775248051	109.106496
47.6100006103516	1693.271484375	1.58543337602168	0.394018337829039	0.00774649623781443	109.281888
47.7099990844727	1695.71667480469	1.58866425044835	0.394943315768614	0.00775380386039615	109.439696
47.810001373291	1698.30419921875	1.59189512487501	0.395813054637983	0.00777724152430892	109.606696
47.9099998474121	1701.37451171875	1.59535685088485	0.396396033465862	0.00778145715594292	109.804848
48.0099983215332	1703.47216796875	1.5985876088962	0.396719493437558	0.00781774614006281	109.940232
48.1100006103516	1707.02355957031	1.60204933490604	0.397894124034792	0.00782808940857649	110.169432
48.2099990844727	1709.52197265625	1.6052802093327	0.398585485527292	0.00785843282938004	110.33068
48.310001373291	1712.07495117188	1.60851108375937	0.399005104554817	0.00786220096051693	110.49544
48.4099998474121	1714.8291015625	1.61197269335389	0.400516815716401	0.0078769251704216	110.673192
48.5099983215332	1716.88439941406	1.61543430294842	0.402026198571548	0.00789390690624714	110.80584
48.6100006103516	1720.06530761719	1.61866517737508	0.401942030293867	0.007907934486866	111.011128
48.7099990844727	1722.16271972656	1.62189605180174	0.402899371692911	0.00792556535452604	111.146496
48.810001373291	1724.68737792969	1.62535777781159	0.403534941142425	0.00794489122927189	111.309432
48.9099998474121	1727.68627929688	1.62858853582293	0.404574762796983	0.00795319955796003	111.502984
49.0099983215332	1730.09313964844	1.63205026183277	0.405027298256755	0.0079610887914896	111.65832
49.1100006103516	1732.49829101563	1.63528113625944	0.405798928113654	0.00796678103506565	111.813544
49.2099990844727	1735.48071289063	1.63851189427078	0.406182487495244	0.00800628494471312	112.006024
49.310001373291	1737.49328613281	1.64174276869744	0.407761690439656	0.00800274033099413	112.135912
49.4099998474121	1740.455078125	1.64520437829196	0.407951913075522	0.00802567042410374	112.327064
49.5099983215332	1743.16247558594	1.64866610430181	0.408828258514404	0.00805280636996031	112.5018
49.6100006103516	1745.53186035156	1.65189697872847	0.410021020798013	0.00805485900491476	112.654712
49.7099990844727	1748.14855957031	1.65512785315514	0.409941392717883	0.00807436089962721	112.823592
49.810001373291	1750.65344238281	1.65858946274966	0.410975917475298	0.00808966904878616	112.985256
49.9099998474121	1753.3662109375	1.66182045359164	0.411965127568692	0.00811475142836571	113.160336
50.0099983215332	1755.7314453125	1.66505121160299	0.413155910791829	0.00812498759478331	113.312984
50.1100006103516	1758.69677734375	1.66851282119751	0.414117996115237	0.0081425542011857	113.504368
50.2099990844727	1760.93273925781	1.67174369562417	0.414794485550374	0.0081597687676549	113.648672
50.310001373291	1763.859375	1.67497457005084	0.415091897593811	0.00817541964352131	113.837552
50.4099998474121	1766.70825195313	1.67843629606068	0.41633436921984	0.00819322839379311	114.021416
50.5099983215332	1769.07861328125	1.68189790565521	0.416700670029968	0.00819952506572008	114.1744
50.6100006103516	1772.32373046875	1.68512878008187	0.417709379689768	0.00822362769395113	114.383832
50.7099990844727	1774.41442871094	1.68859038967639	0.418833078583702	0.00823033880442381	114.518768
50.810001373291	1777.11596679688	1.69182138051838	0.419519987190142	0.00825731456279755	114.69312
50.9099998474121	1779.771484375	1.6952829901129	0.419982214225456	0.00826941803097725	114.864504
51.0099983215332	1782.38635253906	1.69851374812424	0.421167118474841	0.00828969292342663	115.033264
51.1100006103516	1785.2978515625	1.7017446225509	0.422038254328072	0.00830541830509901	115.221168
51.2099990844727	1787.66967773438	1.70520623214543	0.422616460127756	0.00831320229917765	115.37424
51.310001373291	1790.32385253906	1.70843722298741	0.42335654143244	0.00833244435489178	115.545544
51.4099998474121	1793.16101074219	1.71189883258194	0.424283352913335	0.00834821350872517	115.728648
51.5099983215332	1795.24987792969	1.7151297070086	0.424849451519549	0.0083684865385294	115.863464
51.6100006103516	1798.03393554688	1.71859131660312	0.425562000600621	0.00837212614715099	116.043144
51.7099990844727	1800.39636230469	1.72182230744511	0.426047277869657	0.0083989268168807	116.195608
51.810001373291	1803.03649902344	1.72528391703963	0.427536346251145	0.00841612834483385	116.366
51.9099998474121	1806.08068847656	1.72851467505097	0.428165425546467	0.00842640269547701	116.562472
52.0099983215332	1808.95959472656	1.73174554947764	0.428644329076633	0.0084438007324934	116.748272
52.1100006103516	1811.28942871094	1.73520715907216	0.429504347266629	0.00846046954393387	116.89864
52.2099990844727	1813.97961425781	1.73866888508201	0.430743180913851	0.00847610831260681	117.072256
52.310001373291	1816.74633789063	1.74189975950867	0.430872256401926	0.00850140582770109	117.250816
52.4099998474121	1818.28747558594	1.74513063393533	0.431893509812653	0.00851019471883774	117.35028
52.5099983215332	1821.21923828125	1.74859224352986	0.432897068094462	0.00851972214877605	117.539496
52.6100006103516	1824.19909667969	1.75182323437184	0.433574576163664	0.00854305177927017	117.731816
52.7099990844727	1826.568359375	1.75528484396636	0.434333778684959	0.00854820944368839	117.88472
52.810001373291	1829.21130371094	1.75851560197771	0.435620022471994	0.00856543891131878	118.055296
52.9099998474121	1832.31518554688	1.76197732798755	0.436039728811011	0.00857908464968205	118.255616
53.0099983215332	1834.34777832031	1.76520808599889	0.436856935266405	0.00859985314309597	118.3868
53.1100006103516	1836.38073730469	1.76866981200874	0.43830624781549	0.00861562322825193	118.518
53.2099990844727	1839.44396972656	1.7719006864354	0.438323186244816	0.00862245447933674	118.715696
53.310001373291	1841.76831054688	1.77536241244525	0.439459894550964	0.00864437036216259	118.865712
53.4099998474121	1844.72741699219	1.77882402203977	0.440110045019537	0.00865838676691055	119.056688
53.5099983215332	1846.69970703125	1.78205478005111	0.441108510131016	0.00868055690079927	119.183976
53.6100006103516	1849.21069335938	1.78528565447778	0.441465032054111	0.00869855470955372	119.346032
53.7099990844727	1851.73498535156	1.7887472640723	0.442322372691706	0.0087036145851016	119.508952
53.810001373291	1854.59692382813	1.79220899008214	0.443656404968351	0.00872153881937265	119.693656
53.9099998474121	1857.0087890625	1.79543986450881	0.443996221292764	0.00873573962599039	119.849312
54.0099983215332	1859.6650390625	1.79867073893547	0.444869510829449	0.00875375419855118	120.020744
54.1100006103516	1862.73791503906	1.80213234852999	0.445833458798006	0.00877058878540993	120.219064
54.2099990844727	1864.90075683594	1.80536333937198	0.446719379397109	0.00877205468714237	120.358656
54.310001373291	1867.28125	1.8088249489665	0.447104044724256	0.00880216713994741	120.512288
54.4099998474121	1869.8837890625	1.81205570697784	0.448555598268285	0.00881201773881912	120.680256
54.5099983215332	1872.56567382813	1.81528658140451	0.448403268819675	0.00884139165282249	120.853336
54.6100006103516	1875.13916015625	1.81851745583117	0.449670216767117	0.00884993374347687	121.019432
54.7099990844727	1877.69689941406	1.82197918184102	0.450683466624469	0.00887222867459059	121.184504
54.810001373291	1880.208984375	1.82520993985236	0.451701955171302	0.00888521317392588	121.346632
54.9099998474121	1882.65551757813	1.8286716658622	0.452254171250388	0.00889810640364885	121.504528
55.0099983215332	1885.26989746094	1.83190254028887	0.452617125120014	0.00890591274946928	121.673256
55.1100006103516	1887.90014648438	1.83536426629871	0.453438318800181	0.00892405677586794	121.843008
55.2099990844727	1890.37768554688	1.83859502431005	0.454683817224577	0.0089312456548214	122.002904
55.310001373291	1892.53479003906	1.84205663390458	0.45535815297626	0.00895689707249403	122.14212
55.4099998474121	1895.50170898438	1.84528750833124	0.455669476650655	0.00896305777132511	122.333608
55.5099983215332	1898.03759765625	1.8485183827579	0.456844922155142	0.00899381563067436	122.497272
55.6100006103516	1900.38269042969	1.85198010876775	0.457584857940674	0.00900407321751118	122.648616
55.7099990844727	1903.50231933594	1.85544171836227	0.458648923086002	0.00902754068374634	122.849952
55.810001373291	1905.67468261719	1.85867259278893	0.458662048913538	0.00903480127453804	122.99016
55.9099998474121	1908.33264160156	1.86213420238346	0.459529197541997	0.00905547570437193	123.161696
56.0099983215332	1910.70629882813	1.86536519322544	0.46066747745499	0.00907237268984318	123.314896
56.1100006103516	1913.36279296875	1.86882680281997	0.461382820503786	0.0090808654204011	123.486336
56.2099990844727	1914.9365234375	1.87205756083131	0.462493189843372	0.00909177213907242	123.587904
56.310001373291	1918.18774414063	1.87528843525797	0.463516073068604	0.00910614524036646	123.797736
56.4099998474121	1920.98413085938	1.87851930968463	0.463879550807178	0.00913169421255589	123.978216
56.5099983215332	1923.15405273438	1.88198103569448	0.464964134152979	0.00913665536791086	124.118256
56.6100006103516	1925.47888183594	1.88521179370582	0.465228542452678	0.00915100704878569	124.268296
56.7099990844727	1927.76928710938	1.88867351971567	0.466342578874901	0.00916935037821531	124.41612
56.810001373291	1930.95263671875	1.89190439414233	0.46741880942136	0.00918762851506472	124.621568
56.9099998474121	1933.37084960938	1.89536600373685	0.468167389044538	0.00921294465661049	124.77764
57.0099983215332	1934.64538574219	1.89859687816352	0.467935402411968	0.00921716913580894	124.859896
57.1100006103516	1936.74877929688	1.90205848775804	0.468992482637987	0.00923098530620337	124.995648
57.2099990844727	1938.98828125	1.9052893621847	0.470251281512901	0.00924751255661249	125.140184
57.310001373291	1941.77233886719	1.90852023661137	0.470222003059462	0.00925301294773817	125.319864
57.4099998474121	1943.5556640625	1.91198196262121	0.471799110528082	0.00926799979060888	125.434952
57.5099983215332	1946.10180664063	1.91521272063255	0.472254148917273	0.00929156597703695	125.59928
57.6100006103516	1948.65026855469	1.9186744466424	0.472614483442158	0.00930757634341717	125.763752
57.7099990844727	1951.11364746094	1.92190532106906	0.47303328756243	0.00931257288902998	125.922736
57.810001373291	1954.0068359375	1.92513619549572	0.474727508844808	0.00934102758765221	126.109464
57.9099998474121	1956.49169921875	1.92859780509025	0.475467153592035	0.00935180857777596	126.269832
58.0099983215332	1958.84594726563	1.93205941468477	0.476384331705049	0.00936933141201735	126.421776
58.1100006103516	1961.4794921875	1.93529028911144	0.476568035082892	0.00938493199646473	126.591736
58.2099990844727	1964.02258300781	1.93875189870596	0.477936438983306	0.00939511321485043	126.755864
58.310001373291	1966.70153808594	1.94198288954794	0.478413363453001	0.0094243586063385	126.92876
58.4099998474121	1969.39672851563	1.94544449914247	0.47933409223333	0.00943577475845814	127.102712
58.5099983215332	1971.57861328125	1.94867537356913	0.479907786939293	0.00945683103054762	127.243528
58.6100006103516	1974.41455078125	1.95190624799579	0.480817951029167	0.00946387369185686	127.426552
58.7099990844727	1976.5166015625	1.95536785759032	0.481865426991135	0.00947222393006086	127.562216
58.810001373291	1979.54113769531	1.95882958360016	0.482823583297431	0.00949326995760202	127.757416
58.9099998474121	1981.92504882813	1.9620603416115	0.483128533232957	0.00951631739735603	127.911272
59.0099983215332	1984.08288574219	1.96529133245349	0.484072021208704	0.00952601619064808	128.050536
59.1100006103516	1987.048828125	1.96875282563269	0.484994408907369	0.00954094342887402	128.241952
59.2099990844727	1989.82995605469	1.97198381647468	0.485626398585737	0.00956015475094318	128.421448
59.310001373291	1991.94689941406	1.97544530965388	0.487180222989991	0.00957232806831598	128.558072
59.4099998474121	1994.31298828125	1.97867630049586	0.487196404719725	0.00959112122654915	128.710776
59.5099983215332	1997.13659667969	1.98213802650571	0.487906509079039	0.00960626825690269	128.893008
59.6100006103516	1999.78430175781	1.98536878451705	0.488688645418733	0.00962395872920752	129.063888
59.7099990844727	2002.23205566406	1.9888305105269	0.489874510094523	0.00964058935642242	129.221864
59.810001373291	2005.06372070313	1.99206126853824	0.490641745273024	0.00965932291001081	129.404616
59.9099998474121	2007.30200195313	1.99552299454808	0.49133988795802	0.00967476703226566	129.549072
60.0099983215332	2009.72021484375	1.99875375255942	0.491807004436851	0.00967460963875055	129.705144
60.1100006103516	2012.50939941406	2.00221547856927	0.493019528221339	0.00970327854156494	129.885152
60.2099990844727	2014.845703125	2.00544646941125	0.493365514557809	0.00972385611385107	130.035936
60.310001373291	2017.423828125	2.00890796259046	0.494348991196603	0.00973091367632151	130.202328
60.4099998474121	2020.34313964844	2.01213895343244	0.495087297167629	0.00974325276911259	130.390736
60.5099983215332	2022.75415039063	2.01560044661164	0.495999644044787	0.00976300798356533	130.546336
60.6100006103516	2024.7587890625	2.01883120462298	0.496639579068869	0.00977388583123684	130.675712
60.7099990844727	2027.49047851563	2.02206219546497	0.497692846693099	0.00979213230311871	130.852016
60.810001373291	2030.31420898438	2.02552392147481	0.498784705996513	0.00980756804347038	131.034256
60.9099998474121	2032.64074707031	2.02875467948616	0.499185698572546	0.00981846917420626	131.184408
61.0099983215332	2035.37194824219	2.032216405496	0.500319176353514	0.00985056255012751	131.36068
61.1100006103516	2038.17895507813	2.03544739633799	0.50074071623385	0.00985220167785883	131.54184
61.2099990844727	2040.88012695313	2.03867815434933	0.501091068144888	0.00987074803560972	131.716168
61.310001373291	2043.08386230469	2.04213988035917	0.502478971611708	0.00987492688000202	131.858392
61.4099998474121	2046.07641601563	2.04537063837051	0.503210816532373	0.00990408193320036	132.051528
61.5099983215332	2048.27368164063	2.04883213154972	0.503580609802157	0.00991823058575392	132.193344
61.6100006103516	2050.74584960938	2.0520631223917	0.504507217556238	0.00992460828274488	132.352888
61.7099990844727	2053.19287109375	2.05552484840155	0.505527888890356	0.00994215998798609	132.510816
61.810001373291	2055.65014648438	2.05898634158075	0.50693069351837	0.00995277613401413	132.669408
61.9099998474121	2058.22534179688	2.06221733242273	0.506556476466358	0.00998110882937908	132.835608
62.0099983215332	2059.94018554688	2.06544832326472	0.507953460328281	0.00998828839510679	132.94628
62.1100006103516	2062.85791015625	2.06890981644392	0.508741708472371	0.0100029911845922	133.134592
62.2099990844727	2065.04248046875	2.0721408072859	0.509150908328593	0.0100318938493729	133.275584
62.310001373291	2067.6806640625	2.07560230046511	0.510293990373611	0.0100365784019232	133.445848
62.4099998474121	2069.93725585938	2.07883305847645	0.510752899572253	0.0100538991391659	133.59148
62.5099983215332	2072.97143554688	2.08229501731694	0.512044643983245	0.0100609734654427	133.787304
62.6100006103516	2075.13500976563	2.08552577532828	0.512703030835837	0.0100813005119562	133.926944
62.7099990844727	2078.15600585938	2.08898726850748	0.512834580149502	0.0100945150479674	134.121912
62.810001373291	2080.0673828125	2.09221825934947	0.514113577082753	0.0101223066449165	134.245264
62.9099998474121	2082.29541015625	2.09544925019145	0.51488121971488	0.010126150213182	134.389072
63.0099983215332	2085.47534179688	2.09891074337065	0.515969528350979	0.0101510593667626	134.594288
63.1100006103516	2087.75317382813	2.1023724693805	0.516484666150063	0.0101643092930317	134.741296
63.2099990844727	2089.89282226563	2.10560322739184	0.51782006630674	0.0101909749209881	134.879392
63.310001373291	2092.61474609375	2.10883398540318	0.518602028023452	0.0101993652060628	135.055072
63.4099998474121	2095.40063476563	2.11229594424367	0.518312328495085	0.0102021358907223	135.234864
63.5099983215332	2097.91455078125	2.11552670225501	0.519171066116542	0.0102259619161487	135.397104
63.6100006103516	2100.22509765625	2.11898819543421	0.520354427862912	0.0102422488853335	135.546224
63.7099990844727	2102.56298828125	2.1222191862762	0.520705129019916	0.0102540496736765	135.69712
63.810001373291	2104.93432617188	2.12544994428754	0.522028538398445	0.0102693550288677	135.85016
63.9099998474121	2107.36669921875	2.12868093512952	0.522298796568066	0.01029057148844	136.007136
64.0100021362305	2109.44189453125	2.13214242830873	0.523528375197202	0.0102942958474159	136.141072
64.1100006103516	2111.96655273438	2.13560415431857	0.524024129845202	0.0103203589096665	136.304016
64.2099990844727	2114.75830078125	2.13883491232991	0.52498368313536	0.0103405797854066	136.484192
64.3099975585938	2116.9453125	2.1420659031719	0.525775016285479	0.0103481281548738	136.625328
64.4100036621094	2119.3291015625	2.14552762918174	0.526533694937825	0.0103725343942642	136.779184
64.5100021362305	2120.97924804688	2.14875838719308	0.527499883901328	0.0103690288960934	136.88568
64.6100006103516	2123.93237304688	2.15222011320293	0.528225558809936	0.0103919887915254	137.076272
64.7099990844727	2126.33056640625	2.15545087121427	0.52830867934972	0.010406943038106	137.23104
64.8099975585938	2128.68334960938	2.15891259722412	0.529383542016149	0.0104285562410951	137.382896
64.9100036621094	2130.56494140625	2.16214335523546	0.529984128661454	0.0104303695261478	137.504336
65.0100021362305	2133.00390625	2.1656050812453	0.531190424226224	0.010447627864778	137.661744
65.1100006103516	2135.591796875	2.16883583925664	0.532045611180365	0.0104663856327534	137.828752
65.2099990844727	2137.8505859375	2.17206683009863	0.532503821887076	0.0104826586320996	137.974528
65.3099975585938	2140.67358398438	2.17552855610847	0.533316750079393	0.0104927411302924	138.156736
65.4100036621094	2143.0927734375	2.17875931411982	0.534193182829767	0.0105202039703727	138.312864
65.5100021362305	2145.21826171875	2.18222104012966	0.5350784631446	0.0105196004733443	138.450032
65.6100006103516	2147.45849609375	2.185451798141	0.536021776497364	0.0105469636619091	138.594624
65.7099990844727	2150.10913085938	2.18868278898299	0.536467880010605	0.0105564408004284	138.765696
65.8099975585938	2152.91748046875	2.19214428216219	0.537705782335252	0.010573954321444	138.946944
65.9100036621094	2154.90356445313	2.19560600817204	0.538458290975541	0.0105967307463288	139.07512
66.0100021362305	2157.61303710938	2.19883676618338	0.539072440005839	0.0106040993705392	139.249984
66.1100006103516	2160.0341796875	2.20206775702536	0.540097593329847	0.0106195686385036	139.40624
66.2099990844727	2162.27001953125	2.20552948303521	0.540985609404743	0.010636018589139	139.550544
66.3099975585938	2164.63842773438	2.20876024104655	0.541399349458516	0.0106530776247382	139.703392
66.4100036621094	2167.81005859375	2.21222196705639	0.542341498658061	0.010674299672246	139.90808
66.5100021362305	2169.72729492188	2.21545272506773	0.542827299796045	0.010691081173718	140.031824
66.6100006103516	2172.30419921875	2.21891445107758	0.544159323908389	0.010694969445467	140.198128
66.7099990844727	2174.52587890625	2.22214520908892	0.544476904906332	0.0107043627649546	140.34152
66.8099975585938	2177.39331054688	2.22560693509877	0.545196584425867	0.0107277296483517	140.526576
66.9100036621094	2179.30419921875	2.22883769311011	0.546299270354211	0.0107510145753622	140.649904
67.0100021362305	2181.77685546875	2.2322996519506	0.546847702935338	0.0107530057430267	140.809488
67.1100006103516	2184.04663085938	2.23553040996194	0.547371397260576	0.0107771633192897	140.955984
67.2099990844727	2186.18017578125	2.23899190314114	0.548289797734469	0.0108016161248088	141.09368
67.3099975585938	2188.90869140625	2.24222289398313	0.548796262592077	0.0108060836791992	141.269776
67.4100036621094	2191.30786132813	2.24568438716233	0.550219905562699	0.0108301602303982	141.424608
67.5100021362305	2193.65966796875	2.24891537800431	0.550612923689187	0.0108351968228817	141.5764
67.6100006103516	2196.2392578125	2.25237710401416	0.551064731553197	0.0108593264594674	141.74288
67.7099990844727	2198.84838867188	2.2556078620255	0.552269513718784	0.0108574386686087	141.911264
67.8099975585938	2200.95629882813	2.2590693552047	0.552902871277183	0.0108932014554739	142.047312
67.9100036621094	2202.95239257813	2.26230057887733	0.553839083295316	0.0109024131670594	142.176128
68.0100021362305	2205.36645507813	2.26576207205653	0.554638041649014	0.0109218610450625	142.331936
68.1100006103516	2207.93017578125	2.26899283006787	0.555528444238007	0.0109197804704309	142.497392
68.2099990844727	2210.32836914063	2.27222382090986	0.55574148427695	0.0109446598216891	142.652176
68.3099975585938	2212.68676757813	2.27568531408906	0.557479506824166	0.010966120287776	142.804384
68.4100036621094	2215.00390625	2.27914704009891	0.557770545128733	0.0109698604792356	142.95392
68.5100021362305	2217.869140625	2.28237803094089	0.558591040316969	0.0109935449436307	143.138848
68.6100006103516	2219.8818359375	2.28583952412009	0.559508567675948	0.011002192273736	143.268736
68.7099990844727	2222.271484375	2.28907028213143	0.560301647055894	0.0110255815088749	143.422976
68.8099975585938	2224.75830078125	2.29253200814128	0.560518878046423	0.0110457632690668	143.583472
68.9100036621094	2227.25610351563	2.29576299898326	0.56176824728027	0.0110604586079717	143.744672
69.0100021362305	2230.36499023438	2.29899375699461	0.562497298233211	0.0110610583797097	143.945312
69.1100006103516	2232.49780273438	2.30245548300445	0.562433851882815	0.011078642681241	144.08296
69.2099990844727	2234.90942382813	2.30568624101579	0.56419667089358	0.0110959429293871	144.238608
69.3099975585938	2236.67236328125	2.30891723185778	0.565297494176775	0.0111183300614357	144.352384
69.4100036621094	2239.32250976563	2.31237895786762	0.565893889870495	0.011133118532598	144.523424
69.5100021362305	2241.84130859375	2.31560971587896	0.566242379136384	0.0111424066126347	144.685984
69.6100006103516	2244.23217773438	2.31907120905817	0.567568058613688	0.0111704226583242	144.840288
69.7099990844727	2247.06884765625	2.32230243273079	0.568267423659563	0.0111853117123246	145.02336
69.8099975585938	2249.50634765625	2.32576392591	0.56894967565313	0.0111907031387091	145.180672
69.9100036621094	2251.5	2.32899468392134	0.569753290619701	0.0112035162746906	145.309344
70.0100021362305	2253.78833007813	2.33222567476332	0.570230651646852	0.0112239783629775	145.457024
70.1100006103516	2256.61791992188	2.33568716794252	0.571128271985799	0.0112405735999346	145.639648
70.2099990844727	2259.09106445313	2.33891815878451	0.572040036786348	0.0112478788942099	145.799264
70.3099975585938	2261.2734375	2.34237988479435	0.573054538108408	0.0112745342776179	145.940112
70.4100036621094	2264.37280273438	2.3456106428057	0.572951743379235	0.011287578381598	146.140144
70.5100021362305	2266.37744140625	2.34884140081704	0.574316014535725	0.0113021414726973	146.26952
70.6100006103516	2268.6708984375	2.35230335965753	0.574880046769977	0.0113172959536314	146.417536
70.7099990844727	2271.01293945313	2.35553411766887	0.576202350202948	0.0113345971331	146.568688
70.8099975585938	2273.81958007813	2.35899561084807	0.576653343159705	0.0113526294007897	146.749824
70.9100036621094	2276.03735351563	2.36222660169005	0.577557133510709	0.0113688902929425	146.89296
71.0100021362305	2278.46435546875	2.36568809486926	0.578185310587287	0.0113725000992417	147.0496
71.1100006103516	2280.60888671875	2.36891908571124	0.578944862354547	0.0114003252238035	147.188
71.2099990844727	2283.27905273438	2.37214984372258	0.58007548796013	0.0114088524132967	147.360336
71.3099975585938	2285.52563476563	2.37561156973243	0.580156513024122	0.0114244157448411	147.505328
71.4100036621094	2288.09497070313	2.37884232774377	0.581220665480942	0.0114419879391789	147.671136
71.5100021362305	2290.59545898438	2.38207331858575	0.581563159357756	0.0114487502723932	147.832528
71.6100006103516	2292.72778320313	2.3855350445956	0.582983659114689	0.0114725744351745	147.970144
71.7099990844727	2294.80200195313	2.38876580260694	0.583658867981285	0.0114871356636286	148.104016
71.8099975585938	2297.9482421875	2.39222729578614	0.584122375585139	0.0114978328347206	148.307056
71.9100036621094	2299.7734375	2.39545828662813	0.585326110012829	0.0115219866856933	148.424864
72.0100021362305	2302.10913085938	2.39892001263797	0.58557145530358	0.0115217817947268	148.5756
72.1100006103516	2305.27807617188	2.40215077064931	0.586593523621559	0.0115467812865973	148.780128
72.2099990844727	2307.35864257813	2.40561249665916	0.58709632139653	0.0115491785109043	148.9144
72.3099975585938	2309.71850585938	2.4088432546705	0.588329392485321	0.0115623883903027	149.066704
72.4100036621094	2311.65942382813	2.41207424551249	0.58926414931193	0.0115885809063911	149.191968
72.5100021362305	2314.2900390625	2.41553597152233	0.589539820794016	0.0116013968363404	149.361744
72.6100006103516	2317.04467773438	2.41876672953367	0.590391689911485	0.011617848649621	149.53952
72.7099990844727	2319.5400390625	2.42222822271287	0.591733201872557	0.0116411680355668	149.700576
72.8099975585938	2321.82690429688	2.42545921355486	0.592022435739636	0.0116499736905098	149.84816
72.9100036621094	2324.15698242188	2.42869020439684	0.592801079619676	0.0116663482040167	149.998544
73.0100021362305	2326.44189453125	2.43215169757605	0.59356790734455	0.0116859627887607	150.146016
73.1100006103516	2328.677734375	2.43561342358589	0.594728509895504	0.0116915870457888	150.290304
73.2099990844727	2331.30419921875	2.43884418159723	0.595355581026524	0.0117033859714866	150.459824
73.3099975585938	2333.990234375	2.44207517243922	0.595951336435974	0.0117292050272226	150.633168
73.4100036621094	2335.81494140625	2.44553689844906	0.596896978095174	0.0117389969527721	150.750944
73.5100021362305	2338.64672851563	2.4487676564604	0.597645528614521	0.0117701375856996	150.933696
73.6100006103516	2340.8779296875	2.45222914963961	0.598679354880005	0.0117725878953934	151.077696
73.7099990844727	2343.10815429688	2.45546014048159	0.599376624450088	0.0117755560204387	151.221632
73.8099975585938	2345.81005859375	2.45869113132358	0.599492283072323	0.0118014812469482	151.396016
73.9100036621094	2348.12280273438	2.46215262450278	0.600290135480464	0.011817998252809	151.54528
74.0100021362305	2350.22119140625	2.46538361534476	0.601176696363837	0.0118263624608517	151.680704
74.1100006103516	2352.85498046875	2.46884510852396	0.601951091084629	0.0118481125682592	151.850688
74.2099990844727	2355.36645507813	2.47207609936595	0.602730258833617	0.0118725998327136	152.012768
74.3099975585938	2357.46411132813	2.4755378253758	0.603733817115426	0.0118836462497711	152.14816
74.4100036621094	2359.46459960938	2.47876858338714	0.604285334702581	0.0118985353037715	152.277264
74.5100021362305	2362.23950195313	2.48223007656634	0.605266657657921	0.0119151109829545	152.456352
74.6100006103516	2364.48510742188	2.48546106740832	0.606262998189777	0.0119299488142133	152.60128
74.7099990844727	2366.9453125	2.48892279341817	0.606940768193454	0.0119387581944466	152.760064
74.8099975585938	2368.83349609375	2.49215355142951	0.608525704592466	0.0119508868083358	152.88192
74.9100036621094	2371.720703125	2.49561527743936	0.608068890869617	0.0119751030579209	153.068256
75.0100021362305	2373.68530273438	2.4988460354507	0.609243812505156	0.0119881443679333	153.195056
75.1100006103516	2376.69995117188	2.50207702629268	0.609582522884011	0.0120001910254359	153.389616
75.2099990844727	2378.38330078125	2.50553875230253	0.610981252975762	0.012031476944685	153.498256
75.3099975585938	2381.59936523438	2.50876951031387	0.612194184213877	0.0120464432984591	153.705808
75.4100036621094	2383.517578125	2.51223100349307	0.61197008471936	0.0120490463450551	153.829616
75.5100021362305	2386.251953125	2.51546199433506	0.613137963227928	0.0120636718347669	154.006096
75.6100006103516	2388.54150390625	2.51869298517704	0.613960961345583	0.0120869828388095	154.153856
75.7099990844727	2390.52783203125	2.52215447835624	0.614295771811157	0.0120931705459952	154.282048
75.8099975585938	2392.78271484375	2.52538546919823	0.616056087892503	0.0121219558641315	154.427584
75.9100036621094	2395.66625976563	2.52884696237743	0.616405333857983	0.0121263852342963	154.61368
76.0100021362305	2397.6357421875	2.53207795321941	0.61702897073701	0.0121441008523107	154.740784
76.1100006103516	2399.98388671875	2.53553967922926	0.618060119450092	0.012149971909821	154.892336
76.2099990844727	2402.419921875	2.5387704372406	0.618673220742494	0.0121751902624965	155.049552
76.3099975585938	2405.25244140625	2.5422319304198	0.618185207713395	0.0121821518987417	155.232352
76.4100036621094	2407.35986328125	2.54546292126179	0.620084465481341	0.0122040463611484	155.368368
76.5100021362305	2409.20361328125	2.54869391210377	0.620927079580724	0.0122073069214821	155.48736
76.6100006103516	2412.11254882813	2.55215540528297	0.621641345787793	0.012239733710885	155.675104
76.7099990844727	2414.46484375	2.55561713129282	0.622470921371132	0.0122409015893936	155.826912
76.8099975585938	2417.03784179688	2.55884788930416	0.6236566696316	0.0122630568221211	155.992976
76.9100036621094	2418.875	2.5620786473155	0.62391982646659	0.0122715849429369	156.111536
77.0100021362305	2421.79370117188	2.56554060615599	0.625000859145075	0.0122870961204171	156.29992
77.1100006103516	2423.71118164063	2.56877136416733	0.625896034762263	0.0123104639351368	156.423664
77.2099990844727	2426.00805664063	2.57223285734653	0.625741726253182	0.0123262656852603	156.571904
77.3099975585938	2428.90502929688	2.57546384818852	0.6268490687944	0.0123462937772274	156.758864
77.4100036621094	2430.8837890625	2.5786948390305	0.628099835012108	0.0123668285086751	156.886576
77.5100021362305	2433	2.58215633220971	0.628936861176044	0.0123792942613363	157.023152
77.6100006103516	2435.28100585938	2.58538732305169	0.629389134701341	0.0123816216364503	157.170368
77.7099990844727	2438.05322265625	2.58884881623089	0.630733440630138	0.0124095994979143	157.34928
77.8099975585938	2440.02709960938	2.59207957424223	0.63164095627144	0.0124203395098448	157.476672
77.9100036621094	2442.68383789063	2.59531079791486	0.632021343335509	0.0124353002756834	157.648144
78.0100021362305	2444.83374023438	2.59877229109406	0.632500916253775	0.0124462898820639	157.786896
78.1100006103516	2448.02954101563	2.60200304910541	0.633457500953227	0.0124593507498503	157.993152
78.2099990844727	2449.97509765625	2.60546477511525	0.634633703157306	0.0124784056097269	158.118704
78.3099975585938	2452.2353515625	2.60869576595724	0.634805939625949	0.0124992858618498	158.264592
78.4100036621094	2454.29760742188	2.61192652396858	0.635286734905094	0.0124963959679008	158.39768
78.5100021362305	2456.94311523438	2.61538824997842	0.636352633591741	0.0125216506421566	158.568416
78.6100006103516	2459.10961914063	2.61861900798976	0.637792516499758	0.0125374989584088	158.70824
78.7099990844727	2461.62255859375	2.62208050116897	0.637843739241362	0.0125552341341972	158.870432
78.8099975585938	2463.98901367188	2.62531172484159	0.638860801700503	0.012571251951158	159.023152
78.9100036621094	2466.22534179688	2.62854248285294	0.640139856841415	0.0125960949808359	159.167488
79.0100021362305	2468.08935546875	2.63177324086428	0.640330486930907	0.0126047879457474	159.287792
79.1100006103516	2470.8671875	2.63523473404348	0.641037127934396	0.0126128671690822	159.467056
79.2099990844727	2473.12744140625	2.63869669288397	0.64173003192991	0.0126351872459054	159.612944
79.3099975585938	2475.60766601563	2.64192745089531	0.643274281173944	0.0126461805775762	159.773008
79.4100036621094	2477.70581054688	2.64515820890665	0.643224397208542	0.012659078463912	159.908416
79.5100021362305	2480.21704101563	2.6486199349165	0.644250540062785	0.0126675525680184	160.070496
79.6100006103516	2481.8642578125	2.65162019059062	0.644726911559701	0.0126818530261517	160.1768
79.7099990844727	2484.3642578125	2.65508168376982	0.645504158455879	0.0126953953877091	160.338144
79.8099975585938	2486.60473632813	2.65854340977967	0.646629079710692	0.0127281043678522	160.482752
79.9100036621094	2488.84692382813	2.66177416779101	0.647169363219291	0.0127378525212407	160.627456
80.0100021362305	2491.396484375	2.66500492580235	0.647825771011412	0.0127559099346399	160.792
80.1100006103516	2493.95556640625	2.66846688464284	0.648688292130828	0.0127663668245077	160.957168
80.2099990844727	2495.94165039063	2.67169764265418	0.649271358270198	0.0127844735980034	161.085344
80.3099975585938	2499.14184570313	2.67515913583338	0.649850233457983	0.0128028439357877	161.291872
80.4100036621094	2501.44653320313	2.67839012667537	0.651024573016912	0.0128098838031292	161.440624
80.5100021362305	2503.54467773438	2.68185185268521	0.6517005385831	0.0128272501751781	161.576032
80.6100006103516	2505.98999023438	2.68508261069655	0.652742572128773	0.0128372004255652	161.733856
80.7099990844727	2507.99340820313	2.6885443367064	0.652916962280869	0.0128499669954181	161.863152
80.8099975585938	2510.10620117188	2.69177509471774	0.654291128739715	0.0128602953627706	161.999504
80.9100036621094	2512.83081054688	2.69500585272908	0.654831295832992	0.0128956567496061	162.175344
81.0100021362305	2515.13061523438	2.69846781156957	0.655542651657015	0.0129138762131333	162.323776
81.1100006103516	2517.75561523438	2.70169856958091	0.65638410160318	0.0129163423553109	162.493184
81.2099990844727	2519.24658203125	2.70516006276011	0.656951568089426	0.0129312835633755	162.589408
81.3099975585938	2521.92211914063	2.70862178876996	0.657260301522911	0.0129387928172946	162.762096
81.4100036621094	2523.671875	2.71185277961195	0.658783945254982	0.0129619212821126	162.875024
81.5100021362305	2526.37524414063	2.71531427279115	0.659896992146969	0.012976823374629	163.049488
81.6100006103516	2528.87524414063	2.71854526363313	0.659821322187781	0.0129804685711861	163.210832
81.7099990844727	2531.15991210938	2.72177602164447	0.661247642710805	0.0130157461389899	163.358288
81.8099975585938	2533.45556640625	2.72500677965581	0.662303413264453	0.0130269285291433	163.506448
81.9100036621094	2535.33837890625	2.7284687384963	0.662432517856359	0.0130430096760392	163.627968
82.0100021362305	2537.82861328125	2.73169949650764	0.663919141516089	0.0130458381026983	163.788672
82.1100006103516	2540.330078125	2.73516098968685	0.664203951600939	0.0130558796226978	163.950128
82.2099990844727	2542.45629882813	2.73839198052883	0.664407038129866	0.0130790770053864	164.087344
82.3099975585938	2544.556640625	2.74185370653868	0.665686966385692	0.0130887860432267	164.222896
82.4100036621094	2547.12036132813	2.74508446455002	0.666690582875162	0.0131100555881858	164.388352
82.5100021362305	2549.03149414063	2.74854619055986	0.666802516207099	0.0131212286651134	164.511696
82.6100006103516	2551.4208984375	2.75177694857121	0.667467713356018	0.0131464786827564	164.665904
82.7099990844727	2553.70043945313	2.75523844175041	0.669183093123138	0.0131552489474416	164.813024
82.8099975585938	2555.89599609375	2.75846966542304	0.669808418024331	0.0131713133305311	164.954736
82.9100036621094	2558.32348632813	2.76193115860224	0.670066277962178	0.0131903262808919	165.111392
83.0100021362305	2560.12158203125	2.76516191661358	0.670899811666459	0.0131933363154531	165.22744
83.1100006103516	2562.62524414063	2.76862364262342	0.671476882416755	0.0132291754707694	165.389024
83.2099990844727	2565.080078125	2.77185440063477	0.672667985782027	0.013219079002738	165.547456
83.3099975585938	2566.80029296875	2.77531612664461	0.673047499731183	0.0132454074919224	165.65848
83.4100036621094	2569.47924804688	2.7785471174866	0.673914502840489	0.0132660213857889	165.831376
83.5100021362305	2571.91186523438	2.78177787549794	0.674729410093278	0.0132739087566733	165.988368
83.6100006103516	2574.08935546875	2.78523936867714	0.675625808071345	0.0132852746173739	166.128912
83.7099990844727	2576.6923828125	2.78870132751763	0.675947230774909	0.0133029278367758	166.296912
83.8099975585938	2578.26123046875	2.79193208552897	0.676591414958239	0.013326408341527	166.39816
83.9100036621094	2580.58764648438	2.79516284354031	0.677887292113155	0.0133343786001205	166.548304
84.0100021362305	2582.85400390625	2.7983938343823	0.678901036735624	0.0133544774726033	166.694576
84.120002746582	10.9679269790649	2.80231679789722	0.63000142108649	0.0126571599394083	0.707858
